1743
1936
2536
1395
1456
1919
183
2261
436
705
2271
1826
705
1604
2045
1305
1958
1772
1725
603
1201
1805
2744
689
462
475
2855
2025
898
505
458
352
1003
1366
959
2186
2944
2791
1802
1429
105
1988
965
2810
2948
413
235
1071
1995
1461
2383
2328
2515
1478
1590
416
848
2200
1997
1726
738
954
2113
625
1157
828
1061
418
149
2456
2200
1596
2079
1121
1553
152
1365
1491
1751
753
1359
1555
784
2725
382
135
1791
2060
200
777
400
2996
288
820
1794
1112
166
2073
1568
485
1836
2690
873
2981
1994
1665
889
2554
1127
728
2749
1170
1900
404
2348
1921
2394
597
1170
2836
2753
1182
1308
2053
585
2898
1201
143
1207
146
2383
2664
261
1289
547
1422
2666
1532
1697
2348
17
675
2838
2469
2652
2686
2849
1107
1412
2407
521
1174
2980
1619
1608
1286
137
189
812
329
2803
2140
1140
166
1917
1162
838
1265
1405
1419
312
1249
1348
328
1918
710
2346
2532
359
2967
673
2303
630
999
299
2330
960
2356
2225
2067
97
2513
1706
1694
2517
940
2001
2183
1647
2009
2097
2005
2184
835
624
660
769
198
2673
404
1924
847
645
1440
52
1735
2518
165
2659
65
1937
1177
1483
480
2545
2252
1285
2215
1651
2781
1312
700
1020
1891
2110
2785
2970
1906
2392
2562
287
2730
995
1688
1632
1362
2639
1082
30
1897
259
967
969
1103
61
411
1197
2062
2124
1807
1923
2291
1517
1074
423
2286
1241
866
2284
1600
2092
2585
577
1266
616
1693
1123
720
1811
1537
769
2283
944
728
2159
2772
1064
2089
1933
931
1174
1164
1521
1053
931
2451
1844
450
823
673
166
2353
2322
2788
2167
1242
1353
1757
906
1751
1591
2654
2898
1885
1644
1242
1781
615
2065
1854
2298
1727
1347
171
1274
1252
1622
1376
186
1888
2689
1113
1580
2395
1272
1761
182
2230
1979
2639
2913
2490
2377
68
1265
1630
1906
1489
590
479
2951
2315
2751
629
1384
1695
371
2520
1197
17
2543
281
1507
645
2268
1851
205
1240
2260
771
902
887
2830
1750
2465
265
600
1133
2519
1153
613
2281
1634
1796
2048
2140
658
1885
2336
1279
713
307
2767
189
1777
1266
923
782
2548
1943
308
2759
1353
517
2449
1839
330
96
2462
753
1878
1978
2686
1418
2516
2552
2377
1824
1742
2225
755
2843
1321
1834
1796
1480
2573
1246
102
966
1729
148
19
562
2319
1431
1777
35
653
50
1936
1417
2110
883
1753
2933
1699
1717
246
2825
1702
1330
1765
1257
1673
487
1727
2526
1036
620
1896
2433
2769
26
127
1908
2216
595
884
1805
93
268
82
2180
937
1829
904
414
2955
1017
2121
108
2169
2502
2274
1902
2067
2856
634
1144
2629
1423
1341
746
2615
2721
2420
2505
335
2968
2511
1776
817
315
2138
1541
2303
1421
2168
660
1433
2223
1803
1471
2137
1020
1944
2835
356
2361
150
2286
2118
2677
1593
42
1236
2177
1500
1422
2018
167
425
1459
773
2699
1459
2512
738
2281
1054
1089
1129
351
572
1289
525
2200
923
889
594
1160
1783
2475
1328
2127
2841
2812
1458
2728
2298
2221
586
903
1523
723
2722
2134
224
429
2486
151
2848
896
96
1633
1073
24
2483
1189
1319
1520
1440
2786
992
2001
635
1732
971
429
553
1423
2328
2827
2031
2148
684
2009
6
2568
879
1521
2365
1765
643
962
410
205
1945
476
2451
2515
434
2401
305
2537
9
2860
210
1900
1991
447
579
1107
1701
1163
2443
60
1377
308
2085
1942
1338
222
396
1451
2147
1515
883
579
2211
1784
963
1389
2745
1771
1261
2628
417
1442
2016
2474
1188
621
1466
254
1888
1524
2193
1665
1015
883
802
1715
2929
2241
1169
503
212
536
2525
1838
414
180
1211
1752
2624
1531
2685
1079
2466
2977
547
1471
2054
2700
860
1548
2227
707
2867
1272
1056
1735
420
2129
1092
370
1963
284
1133
1924
2761
596
504
2496
346
2080
830
2092
663
2361
2150
715
1334
572
2947
2957
706
212
184
1886
1947
2657
2863
831
389
1228
833
2060
2617
2099
2688
397
2394
708
470
1406
2541
2927
729
969
2145
1785
1030
880
1182
2353
2511
1472
2593
92
1368
2243
246
2980
1302
1072
2880
631
2915
726
1150
1794
2927
158
1318
2719
2727
2443
2793
227
2281
1128
2841
651
1809
350
2166
2276
2841
172
835
485
287
2345
1089
1463
104
1016
53
43
2807
1819
2131
131
719
1303
982
71
1253
741
1487
350
2760
2087
1872
1142
1652
1101
2378
2429
1402
1611
320
1722
860
1272
1246
2819
964
1348
1096
1531
2388
1639
1800
1895
43
1976
1606
68
2474
545
1699
2893
1243
755
2179
1959
1261
1398
2423
2007
1697
2503
2090
2500
1680
1494
613
419
2395
105
2989
2536
1391
2901
935
752
28
1282
139
570
1901
2458
1254
2232
835
2038
2665
726
2698
2735
660
554
677
8
1683
958
19
2500
647
2222
2336
645
1033
1645
1599
1048
478
869
744
2948
982
456
512
447
537
1828
2648
177
102
126
1958
2524
1202
1950
919
1769
223
2517
2598
1174
548
449
1506
2369
133
2110
2800
1324
899
273
748
1724
442
1829
893
599
2046
2269
531
2852
782
2798
291
2538
1659
1145
2533
689
1259
1451
1087
1928
191
2006
1507
1192
2819
1117
2478
580
2319
1962
1372
554
1954
971
1120
1617
1703
2073
553
2020
2917
975
1281
98
2630
1650
1834
1474
2352
2225
2377
572
809
2661
678
2769
1021
802
2266
2844
2379
1767
2769
1474
2041
1049
1395
77
1910
2239
2227
2521
788
2889
2660
1021
2954
772
2759
2910
2413
2575
2580
1950
425
968
2702
459
1600
2020
142
2636
863
968
700
279
1026
1573
2434
2433
1357
2543
1490
419
1653
2900
889
298
1701
2605
2031
1899
795
1335
796
2312
2037
940
1957
2056
1620
1865
1381
2034
2065
1655
2083
2928
2502
600
1598
1766
581
1594
439
1103
1391
400
2478
2547
918
1759
2081
1247
131
1024
1624
2446
1546
479
2624
251
378
939
245
1489
2909
2836
2275
702
1538
691
1788
287
2272
626
2805
2125
2909
1457
57
1192
126
858
709
193
923
2171
420
551
442
1543
2539
863
177
2368
1442
389
2821
304
2125
121
650
616
68
2594
328
2057
1179
808
2289
199
206
414
562
1770
2507
697
2878
1402
2309
871
1239
78
1800
802
1857
2572
314
1379
2350
2251
1758
2595
2513
2813
1063
670
2670
2780
1002
2585
2695
2968
1023
1837
1176
596
1019
2471
998
2267
2944
2071
651
689
117
2798
1064
785
2794
419
2534
622
1120
2833
418
588
1087
1640
792
214
284
96
2016
2205
446
963
1375
1408
667
1764
424
2821
20
1359
1530
2067
924
866
285
322
1096
1607
2023
237
1271
8
2498
2080
28
2271
73
2115
91
1042
2278
2102
2332
2374
1522
735
409
2901
2020
1957
2535
2373
1546
1158
1224
2536
618
1597
1171
2738
950
647
424
665
2681
958
1993
225
2834
1109
769
2771
1784
2989
2272
2661
1174
2805
2162
558
707
488
1795
2803
622
1099
202
815
301
1892
2902
2623
2550
2749
2742
1375
411
1883
1682
66
1143
1003
1928
631
25
1479
1174
1121
1083
2524
1966
1806
2566
2975
180
772
113
1881
2574
917
2989
1876
2048
156
527
1144
870
2150
108
1711
1532
2008
377
1832
166
68
326
364
1580
2197
2941
2220
2903
886
661
2308
1655
1961
2744
779
1694
2731
2776
873
1950
126
181
1258
1242
2599
2384
1452
2600
417
1526
658
2558
2469
1247
1258
1739
665
868
2129
1760
2753
2641
1041
27
489
1284
2532
2409
2039
2977
1883
1975
1784
1272
1197
2109
1836
2004
973
2196
1074
2253
2122
1872
758
740
987
2434
580
669
629
453
2349
2068
470
959
2543
988
256
2659
1495
2653
2347
1711
155
2642
1361
2339
2146
1603
454
1274
163
1698
2739
561
2749
1042
734
2550
1959
819
1234
189
646
1515
2463
2729
2749
776
2130
2839
1345
1885
665
2925
113
1585
2807
1955
1384
2149
2600
566
37
40
2953
2487
1233
2334
938
1402
228
1212
2323
2382
428
398
43
1740
306
2164
1812
896
2893
1802
471
249
1185
2970
358
430
1144
155
586
463
1713
1805
1934
2397
1835
136
2930
1809
1410
656
2632
1323
2823
1571
1722
1785
865
945
622
189
726
2357
644
2640
1122
2106
476
1730
660
648
2775
1660
1127
1916
2131
161
602
1468
2328
1912
2065
1119
1493
1596
1589
657
2574
52
1151
629
460
92
2693
852
1080
1568
216
1366
860
2098
472
875
1165
531
1140
2510
2566
745
1356
2736
1186
2749
2981
721
2818
244
2148
146
1072
890
1345
2619
486
2346
2612
220
211
2972
360
556
816
2607
830
1774
599
274
286
489
1890
2943
786
1399
2884
1581
2612
2483
1835
2691
2369
227
1672
316
211
145
539
164
1754
43
2273
2953
1871
35
369
1443
856
2182
724
1791
278
2834
2177
853
1298
2362
1766
964
274
2819
2583
397
1103
2379
134
1276
2975
2949
2319
1091
1060
334
1324
225
1047
1586
127
1953
1453
2806
2691
1326
2260
655
1479
1113
610
1126
545
571
82
1783
137
291
1469
1709
2614
2658
2949
2714
2304
2602
112
63
2012
315
490
1032
1886
432
2963
1928
1612
850
811
1004
2125
1875
99
697
1437
1766
638
2065
2610
925
2886
1046
485
1051
2916
2249
432
1457
2857
2431
2096
2506
2165
2612
1001
1673
575
877
770
1199
2696
2432
1766
2536
1900
2230
1059
926
475
2732
2875
2399
2856
1772
2928
2257
1250
421
521
810
74
2898
2713
2537
1220
1097
492
2247
1490
1240
2574
1956
1369
1292
179
2219
745
2433
1072
1519
1248
2727
2064
2020
2500
1415
1255
550
2801
1841
2446
61
604
1958
1394
2057
1550
664
1912
1555
823
2823
261
2088
231
1806
818
2001
571
720
1573
2921
2672
2113
802
2730
844
990
2994
688
516
288
1062
459
313
669
839
814
2113
1512
2951
1616
267
2367
359
1334
624
2863
1111
1892
1858
1110
1241
1990
1209
1068
190
1262
1851
1082
720
1675
2825
1900
882
2458
2821
2926
429
1611
1992
2234
1809
1611
499
2014
884
2340
2593
579
1510
1566
1729
2879
1227
1395
1521
2631
550
1065
1203
1692
1634
2267
1760
1104
1499
819
1964
485
498
999
215
2935
2298
2172
342
518
304
1540
380
612
291
1839
795
961
803
684
1645
1193
905
1966
839
2818
897
1238
1840
2296
1759
1473
1028
747
1352
1729
2320
107
1712
1426
2672
209
1243
1799
2687
1208
1106
900
1755
2102
2750
110
2945
1750
2220
2589
238
2801
707
1389
1696
277
1693
112
2711
1277
33
1947
666
246
435
785
78
2710
2934
1794
2668
1018
279
290
2739
2758
1504
2201
2795
890
2388
522
452
409
135
2308
448
437
2184
557
2850
1084
2847
143
504
1220
306
2494
272
2396
427
1150
2692
1649
1861
2631
405
746
2050
2084
22
1542
970
2235
2893
680
703
2881
1838
680
2396
852
2890
648
2618
854
1789
1394
727
1912
1249
1611
2550
330
838
1978
421
1105
2793
1651
565
2564
1102
1472
1679
744
2862
507
713
1551
1098
1116
947
1123
2105
2693
1722
105
2745
495
1532
1568
190
2632
2603
1265
2156
2203
608
2685
907
1971
1813
2937
89
526
619
2032
1839
1978
2335
335
2591
2486
836
185
2574
1714
2846
1611
1183
1238
591
1939
129
382
827
2743
660
2656
1441
1112
1076
18
1283
573
1315
2628
2272
1210
2515
2465
1429
578
2175
2351
116
1892
2897
1260
508
724
2566
2688
1182
2002
2360
2894
602
2543
1090
358
2362
1631
1043
1580
1090
2236
827
517
234
1443
1573
465
2135
2465
342
1018
1319
1242
1672
1950
331
2136
1821
388
2093
522
2592
1524
2408
322
2409
1326
1035
1460
2815
2306
2617
151
1577
256
705
606
1227
2188
2197
2283
1094
2231
630
1235
1713
2257
52
2317
1910
2227
493
1094
2863
1917
1524
1252
57
634
899
1028
2256
870
2901
2839
2363
1465
1725
2712
505
1890
47
2435
2564
2594
1815
474
23
30
1299
2725
141
56
1540
2938
197
1718
1494
2404
960
2216
1465
951
437
869
786
677
2520
2320
158
69
2281
1972
2639
1192
399
2760
892
2522
2516
775
1105
2746
2235
2065
1743
1432
15
2040
1323
882
273
426
1365
2765
733
1473
814
1236
1357
2300
2439
1208
58
809
1021
1215
893
1363
1558
2001
486
2677
2179
2395
1140
2894
76
1418
292
1672
1441
2713
890
1349
2155
1397
667
824
2866
2340
1355
2680
46
2537
1511
2349
677
806
1854
1699
1363
1456
1836
375
2922
2765
1601
2514
839
1233
466
1049
1404
2479
693
2850
859
2405
2508
194
1555
1898
99
1778
2755
2767
1760
2442
1604
923
1239
1158
2636
1952
38
1497
197
1224
469
1838
2274
1504
2100
962
1352
2705
1561
2390
1278
950
617
2882
1374
2475
975
2947
609
79
2409
2935
136
941
531
2411
156
429
867
1927
1851
2366
771
2096
918
2692
1287
2023
1217
992
1112
2580
2032
530
2547
1865
2588
1614
605
2322
1675
2038
1332
2507
538
1162
2869
1336
2585
2813
1864
834
975
2702
2524
1954
2728
381
2815
1878
674
1910
218
2489
361
2458
2885
1201
2874
911
1041
1317
1512
258
1206
264
325
75
2916
2706
632
1858
2560
1454
1932
117
299
1383
1933
2323
2069
2174
2852
2621
2253
1700
2678
2088
2850
2180
2717
840
1705
1868
1422
2825
793
70
352
1371
1502
617
1986
765
451
606
2119
1064
2543
281
2653
1226
697
1267
786
278
1089
2122
2866
800
641
2225
2558
2319
1077
2427
431
1457
1976
644
638
694
2990
1679
987
1527
2715
2981
1487
1513
630
843
2255
2302
2014
2694
627
152
2863
1543
329
727
535
543
678
41
2140
707
29
2429
2544
1389
2955
163
1409
938
54
35
2687
152
812
1646
1696
1677
2471
551
1165
376
597
523
466
2941
793
235
1731
1529
851
544
565
183
656
1232
1723
2991
2149
2628
330
564
1855
2938
2077
1370
712
312
2188
1680
257
813
31
595
692
2311
2808
537
2852
2151
2946
913
2732
2035
657
2330
1938
2997
464
2750
2229
677
498
2286
2236
235
947
2074
1416
2219
1185
1655
409
2550
1891
2697
1141
1464
1810
2611
269
1743
1763
2665
1999
1961
2040
2621
675
1655
2476
2676
197
2403
204
568
1894
1647
429
1175
279
1885
2469
681
1921
392
828
1559
1611
96
166
1048
32
2453
729
642
255
2335
2101
2270
1585
1861
1008
319
626
911
2416
548
802
1705
195
1081
2057
1336
2331
2236
96
434
1892
2808
1164
371
839
1656
2146
2371
2202
2999
663
809
2180
2734
1778
2656
2387
1369
994
1580
1657
718
2385
2616
2684
2475
2920
1555
2143
61
1416
1269
5
2776
1963
2136
319
1220
1183
2467
943
325
1342
495
2509
948
4
2886
2297
2985
1761
2073
1635
355
440
1860
69
2836
2222
678
670
788
147
2787
1626
2221
1727
1309
624
1306
589
572
1467
562
1513
2542
903
328
638
1367
1818
1887
2205
99
614
1708
2821
1549
982
1722
22
1945
2139
2303
705
710
2152
2789
1936
1017
1051
1826
725
1106
138
1642
2390
2455
1203
1514
416
806
209
196
3000
1925
1551
923
1850
530
982
793
1353
1396
1049
2871
1767
2896
84
1224
1792
2479
2682
1336
2674
1557
1020
894
2824
2170
1461
2864
2921
465
441
26
548
1629
1967
736
2505
2241
1781
1588
233
320
743
2003
2132
1366
2936
2338
1917
2641
1634
1105
786
709
2465
2197
1696
1878
885
1696
822
1579
482
1816
61
120
2578
2898
334
2310
1211
1049
442
453
2718
2078
1337
2108
887
2722
2819
1564
1066
912
2982
1629
2466
2879
1064
1599
1530
2292
862
1520
330
421
2391
898
1672
1357
2141
917
1952
2803
1038
2930
2692
1714
1016
1612
1201
2208
1088
1559
2931
1612
796
384
1753
2369
1052
503
1733
635
1597
720
798
2955
608
557
2237
197
2399
894
2996
2182
622
1973
2421
1885
1014
164
375
1085
1360
1073
470
2437
188
2535
1639
2598
1497
2985
2308
2909
1875
1332
49
2373
1337
1054
1841
2317
2432
582
872
2003
2364
351
1263
792
2248
892
2059
1063
2020
1324
1481
2056
2079
1352
2616
151
1340
1483
1486
2739
1085
652
2881
2819
1836
1713
1256
1860
337
2431
624
2094
1763
1575
496
1487
1320
550
2705
988
2655
1686
1309
386
1662
1804
702
168
1769
2063
2606
1191
134
281
756
705
826
993
1839
1402
2665
1360
521
1571
2171
2839
2377
2238
881
2066
1983
2303
264
1827
1603
1146
445
286
2541
997
1118
2729
1550
517
192
1047
590
2558
1074
1994
657
2883
834
856
1537
1862
1061
